Reacoes de apoio [N]
[-28202.672962353943, -13803.28369063169, 14331.990531251431, 13613.228170947497, 44990.70682687769, -19797.327037645908, 60867.358161555014]

Deslocamentos [m]
[0.0, 0.0, 6.856852034153452e-07, 0.0, 8.142075311754324e-07, 0.0, 9.427298589355194e-07, 0.0, 0.0, 0.0, 3.0987615676743436e-06, -1.23963861523866e-06, 2.9098287543415753e-06, -6.482489605213094e-07, 3.5828075631919832e-06, -1.3643365934113678e-06, 4.2557863720423916e-06, -2.898445626740715e-06, 6.53654510180376e-06, -2.2839165029473816e-06, 6.743641215658404e-06, -2.7286731868227355e-06, 8.390219578531148e-06, -4.830738275327747e-06, 1.0353037297641172e-05, -4.292659318220099e-06, 1.1495894440498317e-05, -6.259309703899176e-06]

Deformacoes []
[2.2856173447178173e-07, 4.2840775920029046e-08, 4.284077592002901e-08, -3.142432863118398e-07, -6.297760444425608e-08, 2.2432626961680263e-07, 2.2432626961680276e-07, 6.903203795154809e-08, 5.488594542909148e-07, 3.809523809523814e-07, -4.1321287174621995e-07, -2.1608298684043646e-07, -4.547788644704559e-07, -9.661485422469049e-07, -5.452225141420239e-07, -4.547788644704559e-07, -6.440975495290106e-07, -5.213287104657879e-07, -4.7619047619047633e-07, 3.0985382540594736e-07, 3.9891760773678253e-07, 3.0129156342744917e-07, 2.6264909840082017e-07, 2.9223137250256706e-07, -4.358913093212277e-07, 6.910181439435965e-08, -3.8634706728300553e-07, -2.374564603337294e-07]

Forcas internas [N]
[14399.38927172225, 2698.96888296183, 2698.9688829618276, -19797.327037645908, -3967.5890799881327, 14132.554985858564, 14132.554985858573, 4349.018390947529, 34578.145620327625, 24000.000000000025, -26032.41092001186, -13613.228170947496, -28651.068461638726, -60867.35816155501, -34349.01839094751, -28651.068461638726, -40578.14562032767, -32843.708759344634, -30000.000000000007, 19520.79100057468, 25131.809287417298, 18981.3684959293, 16546.89319925167, 18410.576467661725, -27461.15248723735, 4353.414306844657, -24339.865238829345, -14959.757001024951]

Tensoes internas [Pa]
[47997.964239074165, 8996.5629432061, 8996.562943206092, -65991.09012548636, -13225.296933293776, 47108.51661952855, 47108.51661952858, 14496.727969825099, 115260.4854010921, 80000.00000000009, -86774.70306670619, -45377.427236491654, -95503.56153879575, -202891.19387185003, -114496.72796982503, -95503.56153879575, -135260.48540109224, -109479.02919781546, -100000.00000000003, 65069.303335248944, 83772.69762472433, 63271.22831976433, 55156.31066417223, 61368.58822553908, -91537.17495745783, 14511.381022815525, -81132.88412943116, -49865.85667008317]