Reacoes de apoio [N]
[-6.921656726851525, -10.4517016575458, -8.200097159955583, 66.3604841114485, -61.37358142379631, 201.50686825329976]

Deslocamentos [m]
[0.0, 0.0, 7.410696817466314e-06, -2.6384954744124412e-06, -4.991026594465205e-06, 0.0, -9.11193052249009e-06, -2.423867750663668e-05, -1.6935665681763923e-06, -3.6191957938179904e-05, -1.0261292044002021e-05, -3.141031350249791e-05, -2.34161216899856e-06, -3.948772371440187e-05, -6.270224615492368e-06, -3.0734568188589786e-05, -1.9590084249083916e-05, -5.533341200371551e-05, 2.2899961602311994e-05, -9.792513872620589e-05, -3.467484955095485e-05, -7.77847407927438e-05, -267672905720.03162, -177266824980.1535, 5.7220458984375e-06, 0.0, 0.0, 0.0]

Deformacoes []
[2.089307430324398e-05, -3.49469599259926e-05, 2.553695636341545e-05, -5.151129910031107e-05, -2.5536956363415423e-05, -1.4367019018899135e-05, -6.333303888320526e-05, -6.430987540582488e-05, 1.9611098119069426e-06, 4.988834285637067e-05, -0.00011593583477896803, -1.5167314771483962e-05, -0.00016649824541989432, 1.5167314771483901e-05, -0.00018855956627338662, -0.0002667602375292993, 0.0003370051352109632, 7.082876795373784e-05, 9.031314510389709e-05, 0.00023322475713129215, 0.00025609057381258804, -2.110813648786018e-05, -9.269515583267366e-05, 2.9270152112482e-05, 0.0002862495200288999, -8.1005700102771e-06]

Forcas internas [N]
[12.535844581946385, -20.968175955595555, 15.322173818049269, -30.90677946018664, -15.322173818049253, -8.62021141133948, -37.99982332992315, -38.58592524349493, 1.1766658871441655, 29.9330057138224, -69.56150086738081, -9.100388862890377, -99.89894725193658, 9.10038886289034, -113.13573976403197, -160.05614251757956, 202.2030811265779, 42.497260772242704, 54.187887062338255, 139.93485427877528, 153.65434428755282, -4.221627297572036, -18.53903116653473, 5.8540304224964, 57.24990400577998, -1.62011400205542]

Tensoes internas [Pa]
[83572.29721297591, -139787.83970397039, 102147.8254536618, -206045.1964012443, -102147.82545366169, -57468.07607559654, -253332.15553282105, -257239.50162329953, 7844.439247627771, 199553.37142548268, -463743.3391158721, -60669.259085935846, -665992.9816795773, 60669.259085935606, -754238.2650935465, -1067040.9501171971, 1348020.5408438528, 283315.07181495137, 361252.5804155884, 932899.0285251687, 1024362.2952503521, -84432.54595144073, -370780.6233306946, 117080.608449928, 1144998.0801155996, -32402.2800411084]